Time	Node	AppId	SeqNo	Type	DelayS	DelayUS	RetxCount	HopCount
108.015	64	0	0	LastDelay	0.0146031	14603.1	1	4
108.015	64	0	0	FullDelay	40.0146	4.00146e+07	5	4
118.016	64	0	1	LastDelay	0.016312	16312	1	6
118.016	64	0	1	FullDelay	0.016312	16312	1	6
126.015	124	0	0	LastDelay	0.0146114	14611.4	1	7
126.015	124	0	0	FullDelay	0.0146114	14611.4	1	7
128.016	64	0	2	LastDelay	0.0157108	15710.8	1	4
128.016	64	0	2	FullDelay	0.0157108	15710.8	1	4
136	124	0	1	LastDelay	0	0	1	0
136	124	0	1	FullDelay	0	0	1	0
138.009	64	0	3	LastDelay	0.00927985	9279.84	1	4
138.009	64	0	3	FullDelay	0.00927985	9279.84	1	4
146	124	0	2	LastDelay	0	0	1	0
146	124	0	2	FullDelay	0	0	1	0
148.009	64	0	4	LastDelay	0.00854561	8545.61	1	2
148.009	64	0	4	FullDelay	0.00854561	8545.61	1	2
156	124	0	3	LastDelay	0	0	1	0
156	124	0	3	FullDelay	0	0	1	0
158.011	64	0	5	LastDelay	0.0107652	10765.2	1	4
158.011	64	0	5	FullDelay	0.0107652	10765.2	1	4
166	124	0	4	LastDelay	0	0	1	0
166	124	0	4	FullDelay	0	0	1	0
168.019	64	0	6	LastDelay	0.018553	18553	1	2
168.019	64	0	6	FullDelay	0.018553	18553	1	2
176	124	0	5	LastDelay	0	0	1	0
176	124	0	5	FullDelay	0	0	1	0
178.008	64	0	7	LastDelay	0.00785076	7850.77	1	1
178.008	64	0	7	FullDelay	0.00785076	7850.77	1	1
185	188	0	0	LastDelay	0	0	1	0
185	188	0	0	FullDelay	0	0	1	0
186	124	0	6	LastDelay	0	0	1	0
186	124	0	6	FullDelay	0	0	1	0
188.007	64	0	8	LastDelay	0.00659759	6597.59	1	2
188.007	64	0	8	FullDelay	0.00659759	6597.59	1	2
195	188	0	1	LastDelay	0	0	1	0
195	188	0	1	FullDelay	0	0	1	0
196	124	0	7	LastDelay	0	0	1	0
196	124	0	7	FullDelay	0	0	1	0
198.004	64	0	9	LastDelay	0.00389445	3894.45	1	1
198.004	64	0	9	FullDelay	0.00389445	3894.45	1	1
205	188	0	2	LastDelay	0	0	1	0
205	188	0	2	FullDelay	0	0	1	0
206	124	0	8	LastDelay	0	0	1	0
206	124	0	8	FullDelay	0	0	1	0
208.004	64	0	10	LastDelay	0.00422972	4229.72	1	1
208.004	64	0	10	FullDelay	0.00422972	4229.72	1	1
215	188	0	3	LastDelay	0	0	1	0
215	188	0	3	FullDelay	0	0	1	0
216	124	0	9	LastDelay	0	0	1	0
216	124	0	9	FullDelay	0	0	1	0
218.006	64	0	11	LastDelay	0.00626734	6267.34	1	1
218.006	64	0	11	FullDelay	0.00626734	6267.34	1	1
225	188	0	4	LastDelay	0	0	1	0
225	188	0	4	FullDelay	0	0	1	0
226	124	0	10	LastDelay	0	0	1	0
226	124	0	10	FullDelay	0	0	1	0
228.007	64	0	12	LastDelay	0.0067836	6783.6	1	1
228.007	64	0	12	FullDelay	0.0067836	6783.6	1	1
229	239	0	0	LastDelay	0	0	1	0
229	239	0	0	FullDelay	0	0	1	0
235	188	0	5	LastDelay	0	0	1	0
235	188	0	5	FullDelay	0	0	1	0
236	124	0	11	LastDelay	0	0	1	0
236	124	0	11	FullDelay	0	0	1	0
238.008	64	0	13	LastDelay	0.00838374	8383.74	1	1
238.008	64	0	13	FullDelay	0.00838374	8383.74	1	1
239	239	0	1	LastDelay	0	0	1	0
239	239	0	1	FullDelay	0	0	1	0
245	188	0	6	LastDelay	0	0	1	0
245	188	0	6	FullDelay	0	0	1	0
246	124	0	12	LastDelay	0	0	1	0
246	124	0	12	FullDelay	0	0	1	0
248.008	64	0	14	LastDelay	0.00751456	7514.56	1	1
248.008	64	0	14	FullDelay	0.00751456	7514.56	1	1
249	239	0	2	LastDelay	0	0	1	0
249	239	0	2	FullDelay	0	0	1	0
255	188	0	7	LastDelay	0	0	1	0
255	188	0	7	FullDelay	0	0	1	0
256	124	0	13	LastDelay	0	0	1	0
256	124	0	13	FullDelay	0	0	1	0
258.006	64	0	15	LastDelay	0.00616064	6160.64	1	1
258.006	64	0	15	FullDelay	0.00616064	6160.64	1	1
259	239	0	3	LastDelay	0	0	1	0
259	239	0	3	FullDelay	0	0	1	0
265	188	0	8	LastDelay	0	0	1	0
265	188	0	8	FullDelay	0	0	1	0
266	124	0	14	LastDelay	0	0	1	0
266	124	0	14	FullDelay	0	0	1	0
268.007	64	0	16	LastDelay	0.0069622	6962.19	1	1
268.007	64	0	16	FullDelay	0.0069622	6962.19	1	1
269.017	239	0	4	LastDelay	0.0167437	16743.7	1	4
269.017	239	0	4	FullDelay	0.0167437	16743.7	1	4
275	188	0	9	LastDelay	0	0	1	0
275	188	0	9	FullDelay	0	0	1	0
276	124	0	15	LastDelay	0	0	1	0
276	124	0	15	FullDelay	0	0	1	0
278.007	64	0	17	LastDelay	0.00713095	7130.95	1	2
278.007	64	0	17	FullDelay	0.00713095	7130.95	1	2
279	239	0	5	LastDelay	0	0	1	0
279	239	0	5	FullDelay	0	0	1	0
285	188	0	10	LastDelay	0	0	1	0
285	188	0	10	FullDelay	0	0	1	0
286	124	0	16	LastDelay	0	0	1	0
286	124	0	16	FullDelay	0	0	1	0
288.009	64	0	18	LastDelay	0.00926152	9261.52	1	2
288.009	64	0	18	FullDelay	0.00926152	9261.52	1	2
289	239	0	6	LastDelay	0	0	1	0
289	239	0	6	FullDelay	0	0	1	0
295	188	0	11	LastDelay	0	0	1	0
295	188	0	11	FullDelay	0	0	1	0
296	124	0	17	LastDelay	0	0	1	0
296	124	0	17	FullDelay	0	0	1	0
298.01	64	0	19	LastDelay	0.0104721	10472.1	1	3
298.01	64	0	19	FullDelay	0.0104721	10472.1	1	3
299	239	0	7	LastDelay	0	0	1	0
299	239	0	7	FullDelay	0	0	1	0
305	188	0	12	LastDelay	0	0	1	0
305	188	0	12	FullDelay	0	0	1	0
306	124	0	18	LastDelay	0	0	1	0
306	124	0	18	FullDelay	0	0	1	0
308.011	64	0	20	LastDelay	0.0113184	11318.4	1	2
308.011	64	0	20	FullDelay	0.0113184	11318.4	1	2
309	239	0	8	LastDelay	0	0	1	0
309	239	0	8	FullDelay	0	0	1	0
315	188	0	13	LastDelay	0	0	1	0
315	188	0	13	FullDelay	0	0	1	0
316	124	0	19	LastDelay	0	0	1	0
316	124	0	19	FullDelay	0	0	1	0
318.011	64	0	21	LastDelay	0.0106639	10663.9	1	4
318.011	64	0	21	FullDelay	0.0106639	10663.9	1	4
319	239	0	9	LastDelay	0	0	1	0
319	239	0	9	FullDelay	0	0	1	0
325	188	0	14	LastDelay	0	0	1	0
325	188	0	14	FullDelay	0	0	1	0
326	124	0	20	LastDelay	0	0	1	0
326	124	0	20	FullDelay	0	0	1	0
328.016	64	0	22	LastDelay	0.0162158	16215.8	1	4
328.016	64	0	22	FullDelay	0.0162158	16215.8	1	4
329	239	0	10	LastDelay	0	0	1	0
329	239	0	10	FullDelay	0	0	1	0
335	188	0	15	LastDelay	0	0	1	0
335	188	0	15	FullDelay	0	0	1	0
336	124	0	21	LastDelay	0	0	1	0
336	124	0	21	FullDelay	0	0	1	0
338.012	64	0	23	LastDelay	0.0118182	11818.2	1	3
338.012	64	0	23	FullDelay	0.0118182	11818.2	1	3
339	239	0	11	LastDelay	0	0	1	0
339	239	0	11	FullDelay	0	0	1	0
345	188	0	16	LastDelay	0	0	1	0
345	188	0	16	FullDelay	0	0	1	0
346	124	0	22	LastDelay	0	0	1	0
346	124	0	22	FullDelay	0	0	1	0
348.014	64	0	24	LastDelay	0.0136192	13619.2	1	4
348.014	64	0	24	FullDelay	0.0136192	13619.2	1	4
349	239	0	12	LastDelay	0	0	1	0
349	239	0	12	FullDelay	0	0	1	0
355	188	0	17	LastDelay	0	0	1	0
355	188	0	17	FullDelay	0	0	1	0
356	124	0	23	LastDelay	0	0	1	0
356	124	0	23	FullDelay	0	0	1	0
358.02	64	0	25	LastDelay	0.0200117	20011.7	1	5
358.02	64	0	25	FullDelay	0.0200117	20011.7	1	5
359	239	0	13	LastDelay	0	0	1	0
359	239	0	13	FullDelay	0	0	1	0
365	188	0	18	LastDelay	0	0	1	0
365	188	0	18	FullDelay	0	0	1	0
366	124	0	24	LastDelay	0	0	1	0
366	124	0	24	FullDelay	0	0	1	0
368.041	64	0	26	LastDelay	0.0407587	40758.7	1	7
368.041	64	0	26	FullDelay	0.0407587	40758.7	1	7
369	239	0	14	LastDelay	0	0	1	0
369	239	0	14	FullDelay	0	0	1	0
375	188	0	19	LastDelay	0	0	1	0
375	188	0	19	FullDelay	0	0	1	0
376	124	0	25	LastDelay	0	0	1	0
376	124	0	25	FullDelay	0	0	1	0
378.043	64	0	27	LastDelay	0.0431542	43154.2	1	7
378.043	64	0	27	FullDelay	0.0431542	43154.2	1	7
379	239	0	15	LastDelay	0	0	1	0
379	239	0	15	FullDelay	0	0	1	0
385	188	0	20	LastDelay	0	0	1	0
385	188	0	20	FullDelay	0	0	1	0
386	124	0	26	LastDelay	0	0	1	0
386	124	0	26	FullDelay	0	0	1	0
388.018	64	0	28	LastDelay	0.0177445	17744.5	1	6
388.018	64	0	28	FullDelay	0.0177445	17744.5	1	6
389	239	0	16	LastDelay	0	0	1	0
389	239	0	16	FullDelay	0	0	1	0
395	188	0	21	LastDelay	0	0	1	0
395	188	0	21	FullDelay	0	0	1	0
396	124	0	27	LastDelay	0	0	1	0
396	124	0	27	FullDelay	0	0	1	0
398.033	64	0	29	LastDelay	0.0332619	33261.9	1	6
398.033	64	0	29	FullDelay	0.0332619	33261.9	1	6
399	239	0	17	LastDelay	0	0	1	0
399	239	0	17	FullDelay	0	0	1	0
405	188	0	22	LastDelay	0	0	1	0
405	188	0	22	FullDelay	0	0	1	0
406	124	0	28	LastDelay	0	0	1	0
406	124	0	28	FullDelay	0	0	1	0
408.021	64	0	30	LastDelay	0.0213949	21394.9	1	5
408.021	64	0	30	FullDelay	0.0213949	21394.9	1	5
409	239	0	18	LastDelay	0	0	1	0
409	239	0	18	FullDelay	0	0	1	0
415	188	0	23	LastDelay	0	0	1	0
415	188	0	23	FullDelay	0	0	1	0
416	124	0	29	LastDelay	0	0	1	0
416	124	0	29	FullDelay	0	0	1	0
418.016	64	0	31	LastDelay	0.0158212	15821.2	1	7
418.016	64	0	31	FullDelay	0.0158212	15821.2	1	7
419	239	0	19	LastDelay	0	0	1	0
419	239	0	19	FullDelay	0	0	1	0
425	188	0	24	LastDelay	0	0	1	0
425	188	0	24	FullDelay	0	0	1	0
426	124	0	30	LastDelay	0	0	1	0
426	124	0	30	FullDelay	0	0	1	0
428.015	64	0	32	LastDelay	0.0153628	15362.8	1	5
428.015	64	0	32	FullDelay	0.0153628	15362.8	1	5
429	239	0	20	LastDelay	0	0	1	0
429	239	0	20	FullDelay	0	0	1	0
435	188	0	25	LastDelay	0	0	1	0
435	188	0	25	FullDelay	0	0	1	0
436	124	0	31	LastDelay	0	0	1	0
436	124	0	31	FullDelay	0	0	1	0
438.014	64	0	33	LastDelay	0.0137277	13727.7	1	3
438.014	64	0	33	FullDelay	0.0137277	13727.7	1	3
439	239	0	21	LastDelay	0	0	1	0
439	239	0	21	FullDelay	0	0	1	0
445	188	0	26	LastDelay	0	0	1	0
445	188	0	26	FullDelay	0	0	1	0
446	124	0	32	LastDelay	0	0	1	0
446	124	0	32	FullDelay	0	0	1	0
448.016	64	0	34	LastDelay	0.0160162	16016.2	1	4
448.016	64	0	34	FullDelay	0.0160162	16016.2	1	4
449	239	0	22	LastDelay	0	0	1	0
449	239	0	22	FullDelay	0	0	1	0
455	188	0	27	LastDelay	0	0	1	0
455	188	0	27	FullDelay	0	0	1	0
456	124	0	33	LastDelay	0	0	1	0
456	124	0	33	FullDelay	0	0	1	0
458.013	64	0	35	LastDelay	0.0126069	12606.9	1	3
458.013	64	0	35	FullDelay	0.0126069	12606.9	1	3
459	239	0	23	LastDelay	0	0	1	0
459	239	0	23	FullDelay	0	0	1	0
465	188	0	28	LastDelay	0	0	1	0
465	188	0	28	FullDelay	0	0	1	0
466	124	0	34	LastDelay	0	0	1	0
466	124	0	34	FullDelay	0	0	1	0
468.009	64	0	36	LastDelay	0.00926116	9261.16	1	3
468.009	64	0	36	FullDelay	0.00926116	9261.16	1	3
469	239	0	24	LastDelay	0	0	1	0
469	239	0	24	FullDelay	0	0	1	0
475	188	0	29	LastDelay	0	0	1	0
475	188	0	29	FullDelay	0	0	1	0
476	124	0	35	LastDelay	0	0	1	0
476	124	0	35	FullDelay	0	0	1	0
478.008	64	0	37	LastDelay	0.0083773	8377.31	1	2
478.008	64	0	37	FullDelay	0.0083773	8377.31	1	2
479	239	0	25	LastDelay	0	0	1	0
479	239	0	25	FullDelay	0	0	1	0
485	188	0	30	LastDelay	0	0	1	0
485	188	0	30	FullDelay	0	0	1	0
486	124	0	36	LastDelay	0	0	1	0
486	124	0	36	FullDelay	0	0	1	0
488.01	64	0	38	LastDelay	0.0098116	9811.6	1	3
488.01	64	0	38	FullDelay	0.0098116	9811.6	1	3
489	239	0	26	LastDelay	0	0	1	0
489	239	0	26	FullDelay	0	0	1	0
495	188	0	31	LastDelay	0	0	1	0
495	188	0	31	FullDelay	0	0	1	0
496	124	0	37	LastDelay	0	0	1	0
496	124	0	37	FullDelay	0	0	1	0
498.003	64	0	39	LastDelay	0.00343287	3432.87	1	1
498.003	64	0	39	FullDelay	0.00343287	3432.87	1	1
499	239	0	27	LastDelay	0	0	1	0
499	239	0	27	FullDelay	0	0	1	0
505	188	0	32	LastDelay	0	0	1	0
505	188	0	32	FullDelay	0	0	1	0
506	124	0	38	LastDelay	0	0	1	0
506	124	0	38	FullDelay	0	0	1	0
508.008	64	0	40	LastDelay	0.00845511	8455.11	1	2
508.008	64	0	40	FullDelay	0.00845511	8455.11	1	2
509	239	0	28	LastDelay	0	0	1	0
509	239	0	28	FullDelay	0	0	1	0
515	188	0	33	LastDelay	0	0	1	0
515	188	0	33	FullDelay	0	0	1	0
516	124	0	39	LastDelay	0	0	1	0
516	124	0	39	FullDelay	0	0	1	0
518.007	64	0	41	LastDelay	0.00698205	6982.05	1	1
518.007	64	0	41	FullDelay	0.00698205	6982.05	1	1
519	239	0	29	LastDelay	0	0	1	0
519	239	0	29	FullDelay	0	0	1	0
525	188	0	34	LastDelay	0	0	1	0
525	188	0	34	FullDelay	0	0	1	0
526	124	0	40	LastDelay	0	0	1	0
526	124	0	40	FullDelay	0	0	1	0
528.008	64	0	42	LastDelay	0.00831237	8312.37	1	1
528.008	64	0	42	FullDelay	0.00831237	8312.37	1	1
529	239	0	30	LastDelay	0	0	1	0
529	239	0	30	FullDelay	0	0	1	0
535	188	0	35	LastDelay	0	0	1	0
535	188	0	35	FullDelay	0	0	1	0
536.01	124	0	41	LastDelay	0.0095121	9512.1	1	1
536.01	124	0	41	FullDelay	0.0095121	9512.1	1	1
538.007	64	0	43	LastDelay	0.00702865	7028.65	1	1
538.007	64	0	43	FullDelay	0.00702865	7028.65	1	1
539	239	0	31	LastDelay	0	0	1	0
539	239	0	31	FullDelay	0	0	1	0
545	188	0	36	LastDelay	0	0	1	0
545	188	0	36	FullDelay	0	0	1	0
546.008	124	0	42	LastDelay	0.00800977	8009.77	1	3
546.008	124	0	42	FullDelay	0.00800977	8009.77	1	3
548.006	64	0	44	LastDelay	0.00600457	6004.57	1	1
548.006	64	0	44	FullDelay	0.00600457	6004.57	1	1
549	239	0	32	LastDelay	0	0	1	0
549	239	0	32	FullDelay	0	0	1	0
555	188	0	37	LastDelay	0	0	1	0
555	188	0	37	FullDelay	0	0	1	0
556.006	124	0	43	LastDelay	0.00595248	5952.48	1	1
556.006	124	0	43	FullDelay	0.00595248	5952.48	1	1
558.006	64	0	45	LastDelay	0.00623988	6239.88	1	1
558.006	64	0	45	FullDelay	0.00623988	6239.88	1	1
559	239	0	33	LastDelay	0	0	1	0
559	239	0	33	FullDelay	0	0	1	0
565	188	0	38	LastDelay	0	0	1	0
565	188	0	38	FullDelay	0	0	1	0
566	124	0	44	LastDelay	0	0	1	0
566	124	0	44	FullDelay	0	0	1	0
568.012	64	0	46	LastDelay	0.011984	11984	1	3
568.012	64	0	46	FullDelay	0.011984	11984	1	3
569	239	0	34	LastDelay	0	0	1	0
569	239	0	34	FullDelay	0	0	1	0
575	188	0	39	LastDelay	0	0	1	0
575	188	0	39	FullDelay	0	0	1	0
576	124	0	45	LastDelay	0	0	1	0
576	124	0	45	FullDelay	0	0	1	0
578.015	64	0	47	LastDelay	0.014689	14689	1	2
578.015	64	0	47	FullDelay	0.014689	14689	1	2
579	239	0	35	LastDelay	0	0	1	0
579	239	0	35	FullDelay	0	0	1	0
585	188	0	40	LastDelay	0	0	1	0
585	188	0	40	FullDelay	0	0	1	0
586	124	0	46	LastDelay	0	0	1	0
586	124	0	46	FullDelay	0	0	1	0
588.01	64	0	48	LastDelay	0.0102065	10206.5	1	3
588.01	64	0	48	FullDelay	0.0102065	10206.5	1	3
589	239	0	36	LastDelay	0	0	1	0
589	239	0	36	FullDelay	0	0	1	0
595.028	188	0	41	LastDelay	0.028197	28197	1	7
595.028	188	0	41	FullDelay	0.028197	28197	1	7
596.021	124	0	47	LastDelay	0.0214842	21484.2	1	3
596.021	124	0	47	FullDelay	0.0214842	21484.2	1	3
598.028	64	0	49	LastDelay	0.0277561	27756.1	1	3
598.028	64	0	49	FullDelay	0.0277561	27756.1	1	3
599	239	0	37	LastDelay	0	0	1	0
599	239	0	37	FullDelay	0	0	1	0
605	188	0	42	LastDelay	0	0	1	0
605	188	0	42	FullDelay	0	0	1	0
606.016	124	0	48	LastDelay	0.0161486	16148.6	1	4
606.016	124	0	48	FullDelay	0.0161486	16148.6	1	4
608.014	64	0	50	LastDelay	0.0143005	14300.5	1	3
608.014	64	0	50	FullDelay	0.0143005	14300.5	1	3
609	239	0	38	LastDelay	0	0	1	0
609	239	0	38	FullDelay	0	0	1	0
615	188	0	43	LastDelay	0	0	1	0
615	188	0	43	FullDelay	0	0	1	0
616	124	0	49	LastDelay	0	0	1	0
616	124	0	49	FullDelay	0	0	1	0
619	239	0	39	LastDelay	0	0	1	0
619	239	0	39	FullDelay	0	0	1	0
625	188	0	44	LastDelay	0	0	1	0
625	188	0	44	FullDelay	0	0	1	0
626	124	0	50	LastDelay	0	0	1	0
626	124	0	50	FullDelay	0	0	1	0
629	239	0	40	LastDelay	0	0	1	0
629	239	0	40	FullDelay	0	0	1	0
635	188	0	45	LastDelay	0	0	1	0
635	188	0	45	FullDelay	0	0	1	0
636	124	0	51	LastDelay	0	0	1	0
636	124	0	51	FullDelay	0	0	1	0
639	239	0	41	LastDelay	0	0	1	0
639	239	0	41	FullDelay	0	0	1	0
645	188	0	46	LastDelay	0	0	1	0
645	188	0	46	FullDelay	0	0	1	0
649	239	0	42	LastDelay	0	0	1	0
649	239	0	42	FullDelay	0	0	1	0
655	188	0	47	LastDelay	0	0	1	0
655	188	0	47	FullDelay	0	0	1	0
659	239	0	43	LastDelay	0	0	1	0
659	239	0	43	FullDelay	0	0	1	0
665	188	0	48	LastDelay	0	0	1	0
665	188	0	48	FullDelay	0	0	1	0
666.007	124	0	52	LastDelay	0.00744674	7446.74	1	3
666.007	124	0	52	FullDelay	20.0074	2.00074e+07	3	3
668.011	64	0	51	LastDelay	0.0107215	10721.5	1	3
668.011	64	0	51	FullDelay	50.0107	5.00107e+07	6	3
669	239	0	44	LastDelay	0	0	1	0
669	239	0	44	FullDelay	0	0	1	0
675	188	0	49	LastDelay	0	0	1	0
675	188	0	49	FullDelay	0	0	1	0
676.115	124	0	53	LastDelay	0.114747	114747	1	4
676.115	124	0	53	FullDelay	0.114747	114747	1	4
678.065	64	0	52	LastDelay	0.0651864	65186.4	1	4
678.065	64	0	52	FullDelay	0.0651864	65186.4	1	4
679	239	0	45	LastDelay	0	0	1	0
679	239	0	45	FullDelay	0	0	1	0
685	188	0	50	LastDelay	0	0	1	0
685	188	0	50	FullDelay	0	0	1	0
686.018	124	0	54	LastDelay	0.018384	18384	1	6
686.018	124	0	54	FullDelay	0.018384	18384	1	6
688.012	64	0	53	LastDelay	0.0116991	11699.1	1	3
688.012	64	0	53	FullDelay	0.0116991	11699.1	1	3
689	239	0	46	LastDelay	0	0	1	0
689	239	0	46	FullDelay	0	0	1	0
695	188	0	51	LastDelay	0	0	1	0
695	188	0	51	FullDelay	0	0	1	0
696.014	124	0	55	LastDelay	0.0143313	14331.3	1	5
696.014	124	0	55	FullDelay	0.0143313	14331.3	1	5
698.02	64	0	54	LastDelay	0.0198614	19861.4	1	6
698.02	64	0	54	FullDelay	0.0198614	19861.4	1	6
699	239	0	47	LastDelay	0	0	1	0
699	239	0	47	FullDelay	0	0	1	0
705	188	0	52	LastDelay	0	0	1	0
705	188	0	52	FullDelay	0	0	1	0
706.029	124	0	56	LastDelay	0.0290434	29043.4	1	8
706.029	124	0	56	FullDelay	0.0290434	29043.4	1	8
708	64	0	55	LastDelay	0	0	1	0
708	64	0	55	FullDelay	0	0	1	0
709	239	0	48	LastDelay	0	0	1	0
709	239	0	48	FullDelay	0	0	1	0
715	188	0	53	LastDelay	0	0	1	0
715	188	0	53	FullDelay	0	0	1	0
716.012	124	0	57	LastDelay	0.012213	12213	1	4
716.012	124	0	57	FullDelay	0.012213	12213	1	4
718	64	0	56	LastDelay	0	0	1	0
718	64	0	56	FullDelay	0	0	1	0
719	239	0	49	LastDelay	0	0	1	0
719	239	0	49	FullDelay	0	0	1	0
725	188	0	54	LastDelay	0	0	1	0
725	188	0	54	FullDelay	0	0	1	0
726.021	124	0	58	LastDelay	0.020968	20968	1	6
726.021	124	0	58	FullDelay	0.020968	20968	1	6
728	64	0	57	LastDelay	0	0	1	0
728	64	0	57	FullDelay	0	0	1	0
729	239	0	50	LastDelay	0	0	1	0
729	239	0	50	FullDelay	0	0	1	0
735	188	0	55	LastDelay	0	0	1	0
735	188	0	55	FullDelay	0	0	1	0
736.013	124	0	59	LastDelay	0.0134066	13406.6	1	4
736.013	124	0	59	FullDelay	0.0134066	13406.6	1	4
738	64	0	58	LastDelay	0	0	1	0
738	64	0	58	FullDelay	0	0	1	0
739	239	0	51	LastDelay	0	0	1	0
739	239	0	51	FullDelay	0	0	1	0
745	188	0	56	LastDelay	0	0	1	0
745	188	0	56	FullDelay	0	0	1	0
746.024	124	0	60	LastDelay	0.0242045	24204.5	1	3
746.024	124	0	60	FullDelay	0.0242045	24204.5	1	3
748	64	0	59	LastDelay	0	0	1	0
748	64	0	59	FullDelay	0	0	1	0
749	239	0	52	LastDelay	0	0	1	0
749	239	0	52	FullDelay	0	0	1	0
755	188	0	57	LastDelay	0	0	1	0
755	188	0	57	FullDelay	0	0	1	0
756.01	124	0	61	LastDelay	0.010111	10111	1	4
756.01	124	0	61	FullDelay	0.010111	10111	1	4
758	64	0	60	LastDelay	0	0	1	0
758	64	0	60	FullDelay	0	0	1	0
759.002	239	0	53	LastDelay	0.00171418	1714.18	1	1
759.002	239	0	53	FullDelay	0.00171418	1714.18	1	1
765	188	0	58	LastDelay	0	0	1	0
765	188	0	58	FullDelay	0	0	1	0
766.012	124	0	62	LastDelay	0.0115153	11515.3	1	1
766.012	124	0	62	FullDelay	0.0115153	11515.3	1	1
768	64	0	61	LastDelay	0	0	1	0
768	64	0	61	FullDelay	0	0	1	0
769	239	0	54	LastDelay	0	0	1	0
769	239	0	54	FullDelay	0	0	1	0
775	188	0	59	LastDelay	0	0	1	0
775	188	0	59	FullDelay	0	0	1	0
776.009	124	0	63	LastDelay	0.00908653	9086.53	1	2
776.009	124	0	63	FullDelay	0.00908653	9086.53	1	2
778.007	64	0	62	LastDelay	0.00721681	7216.81	1	3
778.007	64	0	62	FullDelay	0.00721681	7216.81	1	3
779	239	0	55	LastDelay	0	0	1	0
779	239	0	55	FullDelay	0	0	1	0
785	188	0	60	LastDelay	0	0	1	0
785	188	0	60	FullDelay	0	0	1	0
786.006	124	0	64	LastDelay	0.00628667	6286.67	1	1
786.006	124	0	64	FullDelay	0.00628667	6286.67	1	1
788	64	0	63	LastDelay	0	0	1	0
788	64	0	63	FullDelay	0	0	1	0
789	239	0	56	LastDelay	0	0	1	0
789	239	0	56	FullDelay	0	0	1	0
795	188	0	61	LastDelay	0	0	1	0
795	188	0	61	FullDelay	0	0	1	0
796.004	124	0	65	LastDelay	0.00376543	3765.43	1	1
796.004	124	0	65	FullDelay	0.00376543	3765.43	1	1
798	64	0	64	LastDelay	0	0	1	0
798	64	0	64	FullDelay	0	0	1	0
799	239	0	57	LastDelay	0	0	1	0
799	239	0	57	FullDelay	0	0	1	0
805	188	0	62	LastDelay	0	0	1	0
805	188	0	62	FullDelay	0	0	1	0
806.008	124	0	66	LastDelay	0.00778275	7782.76	1	1
806.008	124	0	66	FullDelay	0.00778275	7782.76	1	1
808	64	0	65	LastDelay	0	0	1	0
808	64	0	65	FullDelay	0	0	1	0
809	239	0	58	LastDelay	0	0	1	0
809	239	0	58	FullDelay	0	0	1	0
815	188	0	63	LastDelay	0	0	1	0
815	188	0	63	FullDelay	0	0	1	0
816.008	124	0	67	LastDelay	0.00826865	8268.66	1	1
816.008	124	0	67	FullDelay	0.00826865	8268.66	1	1
818	64	0	66	LastDelay	0	0	1	0
818	64	0	66	FullDelay	0	0	1	0
819	239	0	59	LastDelay	0	0	1	0
819	239	0	59	FullDelay	0	0	1	0
825	188	0	64	LastDelay	0	0	1	0
825	188	0	64	FullDelay	0	0	1	0
826.01	124	0	68	LastDelay	0.00987261	9872.61	1	3
826.01	124	0	68	FullDelay	0.00987261	9872.61	1	3
828	64	0	67	LastDelay	0	0	1	0
828	64	0	67	FullDelay	0	0	1	0
829	239	0	60	LastDelay	0	0	1	0
829	239	0	60	FullDelay	0	0	1	0
835	188	0	65	LastDelay	0	0	1	0
835	188	0	65	FullDelay	0	0	1	0
836.011	124	0	69	LastDelay	0.0114415	11441.5	1	3
836.011	124	0	69	FullDelay	0.0114415	11441.5	1	3
838	64	0	68	LastDelay	0	0	1	0
838	64	0	68	FullDelay	0	0	1	0
839	239	0	61	LastDelay	0	0	1	0
839	239	0	61	FullDelay	0	0	1	0
845	188	0	66	LastDelay	0	0	1	0
845	188	0	66	FullDelay	0	0	1	0
846.016	124	0	70	LastDelay	0.015636	15636	1	2
846.016	124	0	70	FullDelay	0.015636	15636	1	2
848	64	0	69	LastDelay	0	0	1	0
848	64	0	69	FullDelay	0	0	1	0
849	239	0	62	LastDelay	0	0	1	0
849	239	0	62	FullDelay	0	0	1	0
855.002	188	0	67	LastDelay	0.00175395	1753.95	1	1
855.002	188	0	67	FullDelay	0.00175395	1753.95	1	1
856.014	124	0	71	LastDelay	0.0141717	14171.7	1	4
856.014	124	0	71	FullDelay	0.0141717	14171.7	1	4
858	64	0	70	LastDelay	0	0	1	0
858	64	0	70	FullDelay	0	0	1	0
859	239	0	63	LastDelay	0	0	1	0
859	239	0	63	FullDelay	0	0	1	0
865	188	0	68	LastDelay	0	0	1	0
865	188	0	68	FullDelay	0	0	1	0
866.009	124	0	72	LastDelay	0.00891081	8910.81	1	2
866.009	124	0	72	FullDelay	0.00891081	8910.81	1	2
868	64	0	71	LastDelay	0	0	1	0
868	64	0	71	FullDelay	0	0	1	0
869	239	0	64	LastDelay	0	0	1	0
869	239	0	64	FullDelay	0	0	1	0
875	188	0	69	LastDelay	0	0	1	0
875	188	0	69	FullDelay	0	0	1	0
878	64	0	72	LastDelay	0	0	1	0
878	64	0	72	FullDelay	0	0	1	0
879	239	0	65	LastDelay	0	0	1	0
879	239	0	65	FullDelay	0	0	1	0
885	188	0	70	LastDelay	0	0	1	0
885	188	0	70	FullDelay	0	0	1	0
886.177	124	0	73	LastDelay	0.176906	176906	1	4
886.177	124	0	73	FullDelay	10.1769	1.01769e+07	2	4
888.007	64	0	73	LastDelay	0.00741096	7410.96	1	1
888.007	64	0	73	FullDelay	0.00741096	7410.96	1	1
889	239	0	66	LastDelay	0	0	1	0
889	239	0	66	FullDelay	0	0	1	0
895	188	0	71	LastDelay	0	0	1	0
895	188	0	71	FullDelay	0	0	1	0
896.026	124	0	74	LastDelay	0.0261138	26113.8	1	5
896.026	124	0	74	FullDelay	0.0261138	26113.8	1	5
898.011	64	0	74	LastDelay	0.0114256	11425.6	1	1
898.011	64	0	74	FullDelay	0.0114256	11425.6	1	1
899	239	0	67	LastDelay	0	0	1	0
899	239	0	67	FullDelay	0	0	1	0
905	188	0	72	LastDelay	0	0	1	0
905	188	0	72	FullDelay	0	0	1	0
906.03	124	0	75	LastDelay	0.030018	30018	1	6
906.03	124	0	75	FullDelay	0.030018	30018	1	6
908	64	0	75	LastDelay	0	0	1	0
908	64	0	75	FullDelay	0	0	1	0
909	239	0	68	LastDelay	0	0	1	0
909	239	0	68	FullDelay	0	0	1	0
915.022	188	0	73	LastDelay	0.0218303	21830.3	1	3
915.022	188	0	73	FullDelay	0.0218303	21830.3	1	3
916.019	124	0	76	LastDelay	0.018844	18844	1	5
916.019	124	0	76	FullDelay	0.018844	18844	1	5
918	64	0	76	LastDelay	0	0	1	0
918	64	0	76	FullDelay	0	0	1	0
919	239	0	69	LastDelay	0	0	1	0
919	239	0	69	FullDelay	0	0	1	0
925.008	188	0	74	LastDelay	0.00844786	8447.85	1	2
925.008	188	0	74	FullDelay	0.00844786	8447.85	1	2
926.018	124	0	77	LastDelay	0.018206	18206	1	5
926.018	124	0	77	FullDelay	0.018206	18206	1	5
928	64	0	77	LastDelay	0	0	1	0
928	64	0	77	FullDelay	0	0	1	0
929	239	0	70	LastDelay	0	0	1	0
929	239	0	70	FullDelay	0	0	1	0
935	188	0	75	LastDelay	0	0	1	0
935	188	0	75	FullDelay	0	0	1	0
936.016	124	0	78	LastDelay	0.0158039	15803.9	1	3
936.016	124	0	78	FullDelay	0.0158039	15803.9	1	3
938	64	0	78	LastDelay	0	0	1	0
938	64	0	78	FullDelay	0	0	1	0
939	239	0	71	LastDelay	0	0	1	0
939	239	0	71	FullDelay	0	0	1	0
945	188	0	76	LastDelay	0	0	1	0
945	188	0	76	FullDelay	0	0	1	0
946.024	124	0	79	LastDelay	0.0242923	24292.3	1	7
946.024	124	0	79	FullDelay	0.0242923	24292.3	1	7
948	64	0	79	LastDelay	0	0	1	0
948	64	0	79	FullDelay	0	0	1	0
949	239	0	72	LastDelay	0	0	1	0
949	239	0	72	FullDelay	0	0	1	0
955	188	0	77	LastDelay	0	0	1	0
955	188	0	77	FullDelay	0	0	1	0
956.021	124	0	80	LastDelay	0.0207928	20792.8	1	8
956.021	124	0	80	FullDelay	0.0207928	20792.8	1	8
958	64	0	80	LastDelay	0	0	1	0
958	64	0	80	FullDelay	0	0	1	0
959	239	0	73	LastDelay	0	0	1	0
959	239	0	73	FullDelay	0	0	1	0
965	188	0	78	LastDelay	0	0	1	0
965	188	0	78	FullDelay	0	0	1	0
966.029	124	0	81	LastDelay	0.028795	28795	1	8
966.029	124	0	81	FullDelay	0.028795	28795	1	8
968	64	0	81	LastDelay	0	0	1	0
968	64	0	81	FullDelay	0	0	1	0
969	239	0	74	LastDelay	0	0	1	0
969	239	0	74	FullDelay	0	0	1	0
975	188	0	79	LastDelay	0	0	1	0
975	188	0	79	FullDelay	0	0	1	0
976.012	124	0	82	LastDelay	0.0123457	12345.7	1	2
976.012	124	0	82	FullDelay	0.0123457	12345.7	1	2
978	64	0	82	LastDelay	0	0	1	0
978	64	0	82	FullDelay	0	0	1	0
979	239	0	75	LastDelay	0	0	1	0
979	239	0	75	FullDelay	0	0	1	0
985	188	0	80	LastDelay	0	0	1	0
985	188	0	80	FullDelay	0	0	1	0
986.012	124	0	83	LastDelay	0.0119001	11900.1	1	3
986.012	124	0	83	FullDelay	0.0119001	11900.1	1	3
988	64	0	83	LastDelay	0	0	1	0
988	64	0	83	FullDelay	0	0	1	0
989	239	0	76	LastDelay	0	0	1	0
989	239	0	76	FullDelay	0	0	1	0
995	188	0	81	LastDelay	0	0	1	0
995	188	0	81	FullDelay	0	0	1	0
996.011	124	0	84	LastDelay	0.011016	11016	1	2
996.011	124	0	84	FullDelay	0.011016	11016	1	2
998	64	0	84	LastDelay	0	0	1	0
998	64	0	84	FullDelay	0	0	1	0
999	239	0	77	LastDelay	0	0	1	0
999	239	0	77	FullDelay	0	0	1	0
1005	188	0	82	LastDelay	0	0	1	0
1005	188	0	82	FullDelay	0	0	1	0
1006.01	124	0	85	LastDelay	0.0131226	13122.6	1	4
1006.01	124	0	85	FullDelay	0.0131226	13122.6	1	4
1008	64	0	85	LastDelay	0	0	1	0
1008	64	0	85	FullDelay	0	0	1	0
1009	239	0	78	LastDelay	0	0	1	0
1009	239	0	78	FullDelay	0	0	1	0
1015	188	0	83	LastDelay	0	0	1	0
1015	188	0	83	FullDelay	0	0	1	0
1016.01	124	0	86	LastDelay	0.0119538	11953.8	1	3
1016.01	124	0	86	FullDelay	0.0119538	11953.8	1	3
1018	64	0	86	LastDelay	0	0	1	0
1018	64	0	86	FullDelay	0	0	1	0
1019	239	0	79	LastDelay	0	0	1	0
1019	239	0	79	FullDelay	0	0	1	0
1025	188	0	84	LastDelay	0	0	1	0
1025	188	0	84	FullDelay	0	0	1	0
1026.01	124	0	87	LastDelay	0.00987143	9871.43	1	2
1026.01	124	0	87	FullDelay	0.00987143	9871.43	1	2
1028	64	0	87	LastDelay	0	0	1	0
1028	64	0	87	FullDelay	0	0	1	0
1029	239	0	80	LastDelay	0	0	1	0
1029	239	0	80	FullDelay	0	0	1	0
1035	188	0	85	LastDelay	0	0	1	0
1035	188	0	85	FullDelay	0	0	1	0
1036.01	124	0	88	LastDelay	0.00782421	7824.21	1	2
1036.01	124	0	88	FullDelay	0.00782421	7824.21	1	2
1038	64	0	88	LastDelay	0	0	1	0
1038	64	0	88	FullDelay	0	0	1	0
1039	239	0	81	LastDelay	0	0	1	0
1039	239	0	81	FullDelay	0	0	1	0
1045	188	0	86	LastDelay	0	0	1	0
1045	188	0	86	FullDelay	0	0	1	0
1046.01	124	0	89	LastDelay	0.00517983	5179.83	1	1
1046.01	124	0	89	FullDelay	0.00517983	5179.83	1	1
1048	64	0	89	LastDelay	0	0	1	0
1048	64	0	89	FullDelay	0	0	1	0
1049	239	0	82	LastDelay	0	0	1	0
1049	239	0	82	FullDelay	0	0	1	0
1055	188	0	87	LastDelay	0	0	1	0
1055	188	0	87	FullDelay	0	0	1	0
1056.01	124	0	90	LastDelay	0.0105099	10509.9	1	3
1056.01	124	0	90	FullDelay	0.0105099	10509.9	1	3
1058	64	0	90	LastDelay	0	0	1	0
1058	64	0	90	FullDelay	0	0	1	0
1059	239	0	83	LastDelay	0	0	1	0
1059	239	0	83	FullDelay	0	0	1	0
1065	188	0	88	LastDelay	0	0	1	0
1065	188	0	88	FullDelay	0	0	1	0
1066.01	124	0	91	LastDelay	0.00619757	6197.57	1	1
1066.01	124	0	91	FullDelay	0.00619757	6197.57	1	1
1068	64	0	91	LastDelay	0	0	1	0
1068	64	0	91	FullDelay	0	0	1	0
1069	239	0	84	LastDelay	0	0	1	0
1069	239	0	84	FullDelay	0	0	1	0
1075.01	188	0	89	LastDelay	0.0124533	12453.3	1	3
1075.01	188	0	89	FullDelay	0.0124533	12453.3	1	3
1076.01	124	0	92	LastDelay	0.00954701	9547.01	1	2
1076.01	124	0	92	FullDelay	0.00954701	9547.01	1	2
1078	64	0	92	LastDelay	0	0	1	0
1078	64	0	92	FullDelay	0	0	1	0
1079	239	0	85	LastDelay	0	0	1	0
1079	239	0	85	FullDelay	0	0	1	0
1085	188	0	90	LastDelay	0	0	1	0
1085	188	0	90	FullDelay	0	0	1	0
1086.01	124	0	93	LastDelay	0.00947765	9477.66	1	3
1086.01	124	0	93	FullDelay	0.00947765	9477.66	1	3
1088	64	0	93	LastDelay	0	0	1	0
1088	64	0	93	FullDelay	0	0	1	0
1089	239	0	86	LastDelay	0	0	1	0
1089	239	0	86	FullDelay	0	0	1	0
1095	188	0	91	LastDelay	0	0	1	0
1095	188	0	91	FullDelay	0	0	1	0
1096.01	124	0	94	LastDelay	0.0144679	14467.9	1	3
1096.01	124	0	94	FullDelay	0.0144679	14467.9	1	3
1098	64	0	94	LastDelay	0	0	1	0
1098	64	0	94	FullDelay	0	0	1	0
1099	239	0	87	LastDelay	0.00172753	1727.53	1	1
1099	239	0	87	FullDelay	0.00172753	1727.53	1	1
1105	188	0	92	LastDelay	0	0	1	0
1105	188	0	92	FullDelay	0	0	1	0
1106.01	124	0	95	LastDelay	0.00911306	9113.06	1	3
1106.01	124	0	95	FullDelay	0.00911306	9113.06	1	3
1108	64	0	95	LastDelay	0	0	1	0
1108	64	0	95	FullDelay	0	0	1	0
1109	239	0	88	LastDelay	0.0035005	3500.5	1	1
1109	239	0	88	FullDelay	0.0035005	3500.5	1	1
1115	188	0	93	LastDelay	0	0	1	0
1115	188	0	93	FullDelay	0	0	1	0
1116.01	124	0	96	LastDelay	0.0135703	13570.3	1	3
1116.01	124	0	96	FullDelay	0.0135703	13570.3	1	3
1118	64	0	96	LastDelay	0	0	1	0
1118	64	0	96	FullDelay	0	0	1	0
1119	239	0	89	LastDelay	0	0	1	0
1119	239	0	89	FullDelay	0	0	1	0
1125	188	0	94	LastDelay	0	0	1	0
1125	188	0	94	FullDelay	0	0	1	0
1126.01	124	0	97	LastDelay	0.0126984	12698.4	1	4
1126.01	124	0	97	FullDelay	0.0126984	12698.4	1	4
1128	64	0	97	LastDelay	0	0	1	0
1128	64	0	97	FullDelay	0	0	1	0
1129	239	0	90	LastDelay	0	0	1	0
1129	239	0	90	FullDelay	0	0	1	0
1135	188	0	95	LastDelay	0	0	1	0
1135	188	0	95	FullDelay	0	0	1	0
1136.05	124	0	98	LastDelay	0.0455078	45507.8	1	6
1136.05	124	0	98	FullDelay	0.0455078	45507.8	1	6
1138	64	0	98	LastDelay	0	0	1	0
1138	64	0	98	FullDelay	0	0	1	0
1139	239	0	91	LastDelay	0	0	1	0
1139	239	0	91	FullDelay	0	0	1	0
1145	188	0	96	LastDelay	0	0	1	0
1145	188	0	96	FullDelay	0	0	1	0
1148	64	0	99	LastDelay	0	0	1	0
1148	64	0	99	FullDelay	0	0	1	0
1149	239	0	92	LastDelay	0	0	1	0
1149	239	0	92	FullDelay	0	0	1	0
1155	188	0	97	LastDelay	0	0	1	0
1155	188	0	97	FullDelay	0	0	1	0
1156.01	124	0	99	LastDelay	0.00975124	9751.24	1	2
1156.01	124	0	99	FullDelay	10.0098	1.00098e+07	2	2
1158.01	64	0	100	LastDelay	0.00909211	9092.11	1	2
1158.01	64	0	100	FullDelay	0.00909211	9092.11	1	2
1159	239	0	93	LastDelay	0	0	1	0
1159	239	0	93	FullDelay	0	0	1	0
1165	188	0	98	LastDelay	0	0	1	0
1165	188	0	98	FullDelay	0	0	1	0
1166	124	0	100	LastDelay	0	0	1	0
1166	124	0	100	FullDelay	0	0	1	0
1168.01	64	0	101	LastDelay	0.0102039	10203.9	1	2
1168.01	64	0	101	FullDelay	0.0102039	10203.9	1	2
1169	239	0	94	LastDelay	0	0	1	0
1169	239	0	94	FullDelay	0	0	1	0
1175	188	0	99	LastDelay	0	0	1	0
1175	188	0	99	FullDelay	0	0	1	0
1176	124	0	101	LastDelay	0	0	1	0
1176	124	0	101	FullDelay	0	0	1	0
1178.01	64	0	102	LastDelay	0.00673697	6736.97	1	1
1178.01	64	0	102	FullDelay	0.00673697	6736.97	1	1
1179	239	0	95	LastDelay	0	0	1	0
1179	239	0	95	FullDelay	0	0	1	0
1185	188	0	100	LastDelay	0	0	1	0
1185	188	0	100	FullDelay	0	0	1	0
1188.01	64	0	103	LastDelay	0.00975421	9754.21	1	3
1188.01	64	0	103	FullDelay	0.00975421	9754.21	1	3
1189	239	0	96	LastDelay	0	0	1	0
1189	239	0	96	FullDelay	0	0	1	0
1195	188	0	101	LastDelay	0	0	1	0
1195	188	0	101	FullDelay	0	0	1	0
1198.01	64	0	104	LastDelay	0.0115738	11573.8	1	3
1198.01	64	0	104	FullDelay	0.0115738	11573.8	1	3
1199	239	0	97	LastDelay	0	0	1	0
1199	239	0	97	FullDelay	0	0	1	0
1205	188	0	102	LastDelay	0	0	1	0
1205	188	0	102	FullDelay	0	0	1	0
1208.01	64	0	105	LastDelay	0.0108639	10863.9	1	3
1208.01	64	0	105	FullDelay	0.0108639	10863.9	1	3
1209	239	0	98	LastDelay	0	0	1	0
1209	239	0	98	FullDelay	0	0	1	0
1215	188	0	103	LastDelay	0	0	1	0
1215	188	0	103	FullDelay	0	0	1	0
1218.03	64	0	106	LastDelay	0.0296734	29673.4	1	3
1218.03	64	0	106	FullDelay	0.0296734	29673.4	1	3
1219.01	239	0	99	LastDelay	0.00979943	9799.43	1	3
1219.01	239	0	99	FullDelay	0.00979943	9799.43	1	3
1225.02	188	0	104	LastDelay	0.0190881	19088.1	1	1
1225.02	188	0	104	FullDelay	0.0190881	19088.1	1	1
1228.02	64	0	107	LastDelay	0.0167887	16788.7	1	8
1228.02	64	0	107	FullDelay	0.0167887	16788.7	1	8
1229.01	239	0	100	LastDelay	0.00512108	5121.08	1	1
1229.01	239	0	100	FullDelay	0.00512108	5121.08	1	1
1235	188	0	105	LastDelay	0	0	1	0
1235	188	0	105	FullDelay	0	0	1	0
1238.05	64	0	108	LastDelay	0.0534172	53417.2	1	3
1238.05	64	0	108	FullDelay	0.0534172	53417.2	1	3
1239	239	0	101	LastDelay	0.00491205	4912.05	1	1
1239	239	0	101	FullDelay	0.00491205	4912.05	1	1
1245	188	0	106	LastDelay	0	0	1	0
1245	188	0	106	FullDelay	0	0	1	0
1248.01	64	0	109	LastDelay	0.0112373	11237.3	1	3
1248.01	64	0	109	FullDelay	0.0112373	11237.3	1	3
1249	239	0	102	LastDelay	0.00338452	3384.52	1	1
1249	239	0	102	FullDelay	0.00338452	3384.52	1	1
1255	188	0	107	LastDelay	0	0	1	0
1255	188	0	107	FullDelay	0	0	1	0
1258.02	64	0	110	LastDelay	0.0213182	21318.2	1	5
1258.02	64	0	110	FullDelay	0.0213182	21318.2	1	5
1259.01	239	0	103	LastDelay	0.00525273	5252.73	1	1
1259.01	239	0	103	FullDelay	0.00525273	5252.73	1	1
1265	188	0	108	LastDelay	0	0	1	0
1265	188	0	108	FullDelay	0	0	1	0
1269	239	0	104	LastDelay	0	0	1	0
1269	239	0	104	FullDelay	0	0	1	0
1275	188	0	109	LastDelay	0	0	1	0
1275	188	0	109	FullDelay	0	0	1	0
1279	239	0	105	LastDelay	0	0	1	0
1279	239	0	105	FullDelay	0	0	1	0
1285	188	0	110	LastDelay	0	0	1	0
1285	188	0	110	FullDelay	0	0	1	0
1289	239	0	106	LastDelay	0	0	1	0
1289	239	0	106	FullDelay	0	0	1	0
1295.01	188	0	111	LastDelay	0.00537044	5370.44	1	1
1295.01	188	0	111	FullDelay	0.00537044	5370.44	1	1
1299	239	0	107	LastDelay	0	0	1	0
1299	239	0	107	FullDelay	0	0	1	0
1305.01	188	0	112	LastDelay	0.0068116	6811.6	1	2
1305.01	188	0	112	FullDelay	0.0068116	6811.6	1	2
1309	239	0	108	LastDelay	0	0	1	0
1309	239	0	108	FullDelay	0	0	1	0
1315.01	188	0	113	LastDelay	0.00890155	8901.55	1	2
1315.01	188	0	113	FullDelay	0.00890155	8901.55	1	2
1319	239	0	109	LastDelay	0	0	1	0
1319	239	0	109	FullDelay	0	0	1	0
1325	188	0	114	LastDelay	0.0046702	4670.2	1	2
1325	188	0	114	FullDelay	0.0046702	4670.2	1	2
1329	239	0	110	LastDelay	0	0	1	0
1329	239	0	110	FullDelay	0	0	1	0
1335.01	188	0	115	LastDelay	0.00576336	5763.36	1	1
1335.01	188	0	115	FullDelay	0.00576336	5763.36	1	1
1339.02	239	0	111	LastDelay	0.0213117	21311.7	1	5
1339.02	239	0	111	FullDelay	0.0213117	21311.7	1	5
1345	188	0	116	LastDelay	0.00470635	4706.35	1	1
1345	188	0	116	FullDelay	0.00470635	4706.35	1	1
1355.01	188	0	117	LastDelay	0.00604115	6041.15	1	1
1355.01	188	0	117	FullDelay	0.00604115	6041.15	1	1
1365.01	188	0	118	LastDelay	0.00549818	5498.18	1	1
1365.01	188	0	118	FullDelay	0.00549818	5498.18	1	1
1369.02	239	0	112	LastDelay	0.0241917	24191.7	1	3
1369.02	239	0	112	FullDelay	20.0242	2.00242e+07	3	3
1375	188	0	119	LastDelay	0.00467044	4670.44	1	2
1375	188	0	119	FullDelay	0.00467044	4670.44	1	2
1379.03	239	0	113	LastDelay	0.0326126	32612.6	1	10
1379.03	239	0	113	FullDelay	0.0326126	32612.6	1	10
1385.01	188	0	120	LastDelay	0.00684395	6843.95	1	1
1385.01	188	0	120	FullDelay	0.00684395	6843.95	1	1
1389.03	239	0	114	LastDelay	0.027762	27762	1	2
1389.03	239	0	114	FullDelay	0.027762	27762	1	2
1395.01	188	0	121	LastDelay	0.00859741	8597.41	1	2
1395.01	188	0	121	FullDelay	0.00859741	8597.41	1	2
1399	239	0	115	LastDelay	0	0	1	0
1399	239	0	115	FullDelay	0	0	1	0
1405.02	188	0	122	LastDelay	0.0181343	18134.3	1	2
1405.02	188	0	122	FullDelay	0.0181343	18134.3	1	2
1409	239	0	116	LastDelay	0	0	1	0
1409	239	0	116	FullDelay	0	0	1	0
1415.01	188	0	123	LastDelay	0.0100229	10022.9	1	4
1415.01	188	0	123	FullDelay	0.0100229	10022.9	1	4
1419	239	0	117	LastDelay	0	0	1	0
1419	239	0	117	FullDelay	0	0	1	0
1425.03	188	0	124	LastDelay	0.0251823	25182.3	1	3
1425.03	188	0	124	FullDelay	0.0251823	25182.3	1	3
1429	239	0	118	LastDelay	0	0	1	0
1429	239	0	118	FullDelay	0	0	1	0
1435.02	188	0	125	LastDelay	0.0185191	18519.1	1	3
1435.02	188	0	125	FullDelay	0.0185191	18519.1	1	3
1439	239	0	119	LastDelay	0	0	1	0
1439	239	0	119	FullDelay	0	0	1	0
1445.01	188	0	126	LastDelay	0.0147038	14703.8	1	2
1445.01	188	0	126	FullDelay	0.0147038	14703.8	1	2
1449	239	0	120	LastDelay	0	0	1	0
1449	239	0	120	FullDelay	0	0	1	0
1455.03	188	0	127	LastDelay	0.0318752	31875.2	1	4
1455.03	188	0	127	FullDelay	0.0318752	31875.2	1	4
1459	239	0	121	LastDelay	0	0	1	0
1459	239	0	121	FullDelay	0	0	1	0
1465.02	188	0	128	LastDelay	0.0152311	15231.1	1	4
1465.02	188	0	128	FullDelay	0.0152311	15231.1	1	4
1469	239	0	122	LastDelay	0	0	1	0
1469	239	0	122	FullDelay	0	0	1	0
1475.04	188	0	129	LastDelay	0.038418	38418	1	4
1475.04	188	0	129	FullDelay	0.038418	38418	1	4
1479	239	0	123	LastDelay	0	0	1	0
1479	239	0	123	FullDelay	0	0	1	0
1485.02	188	0	130	LastDelay	0.0168014	16801.4	1	3
1485.02	188	0	130	FullDelay	0.0168014	16801.4	1	3
1489	239	0	124	LastDelay	0	0	1	0
1489	239	0	124	FullDelay	0	0	1	0
1495.03	188	0	131	LastDelay	0.0255262	25526.2	1	6
1495.03	188	0	131	FullDelay	0.0255262	25526.2	1	6
1499	239	0	125	LastDelay	0	0	1	0
1499	239	0	125	FullDelay	0	0	1	0
1509	239	0	126	LastDelay	0.00304041	3040.41	1	1
1509	239	0	126	FullDelay	0.00304041	3040.41	1	1
1519	239	0	127	LastDelay	0.00459644	4596.44	1	1
1519	239	0	127	FullDelay	0.00459644	4596.44	1	1
1529.01	239	0	128	LastDelay	0.00511737	5117.37	1	2
1529.01	239	0	128	FullDelay	0.00511737	5117.37	1	2
1539	239	0	129	LastDelay	0.00336145	3361.45	1	1
1539	239	0	129	FullDelay	0.00336145	3361.45	1	1
1549.01	239	0	130	LastDelay	0.0138157	13815.7	1	2
1549.01	239	0	130	FullDelay	0.0138157	13815.7	1	2
1559.05	239	0	131	LastDelay	0.0542467	54246.7	1	1
1559.05	239	0	131	FullDelay	0.0542467	54246.7	1	1
